50
6 1 3
4 3 2 3 2 1
6 3 4
1 2 3 4 5 6
6 1 4
10 10 9 10 3 3
10 3 7
95 237 243 683 683 243 243 787 237 683
10 2 9
296 296 731 935 888 731 731 888 935 731
10 2 8
406 432 753 406 753 716 432 389 389 753
10 3 9
714 253 253 253 714 253 528 528 714 412
11 4 5
862 92 699 699 699 48 48 699 92 862 974
12 2 9
121 201 914 914 201 923 923 923 121 914 948 948
13 5 6
49 975 49 975 49 205 633 975 883 883 975 883 975
20 2 17
677 246 448 147 677 147 677 691 677 147 691 778 677 677 544 246 147 544 544 276
21 17 18
613 774 152 874 152 874 886 152 15 152 152 886 886 916 623 916 326 152 613 916 874
22 6 15
322 471 972 972 81 61 61 89 842 89 982 322 982 850 982 972 972 89 972 842 982 81
23 14 18
17 856 17 17 17 735 893 418 312 312 418 116 116 735 544 735 418 735 856 116 946 17 544
24 18 23
675 17 529 946 675 836 235 17 17 117 117 235 192 192 836 675 136 117 17 675 367 235 491 529
54 4 51
337 799 262 300 190 56 262 546 744 275 190 899 788 899 709 594 140 562 562 821 190 125 262 140 318 126 140 337 641 262 190 300 56 800 56 190 56 562 56 262 262 712 318 799 126 546 821 300 799 262 744 190 125 562
52 24 51
17 848 875 2 708 455 967 206 690 225 690 690 672 672 406 225 578 17 901 690 690 406 406 406 660 17 406 17 875 901 550 376 702 2 875 2 231 735 17 875 875 334 708 690 660 702 225 632 406 376 406 578
53 18 52
822 859 929 524 664 212 193 71 387 476 212 524 600 966 638 929 193 966 479 822 842 564 476 601 929 212 212 212 638 872 859 496 600 212 859 842 822 71 524 909 583 583 971 601 387 842 971 212 664 966 966 476 359
54 7 48
972 207 263 144 739 101 207 787 540 144 379 379 199 375 683 62 50 972 683 316 13 50 50 709 13 972 50 316 683 101 683 375 13 93 792 739 618 50 787 540 62 44 199 607 13 263 771 972 44 93 540 739 739 379
55 27 54
433 993 827 4 598 822 822 421 369 97 369 878 565 993 565 420 616 598 878 264 719 745 421 905 598 5 4 905 303 993 433 4 4 719 348 745 5 905 303 745 303 433 565 421 719 822 420 264 420 43 734 433 549 827 565
70 39 69
458 232 1000 949 232 232 1 973 863 994 863 1000 973 624 994 225 115 340 182 225 200 352 154 784 959 682 340 154 481 381 994 682 182 115 675 417 182 115 682 422 422 1000 567 682 145 1 624 324 483 744 225 682 624 682 612 340 225 225 324 612 1000 607 182 20 994 744 483 340 458 154
71 35 62
550 618 576 724 468 576 724 164 884 777 550 202 618 733 458 92 467 98 550 854 27 884 98 550 724 164 458 565 467 856 98 777 27 576 719 608 164 193 674 27 884 719 777 565 27 811 458 618 608 98 854 202 468 884 576 884 724 724 606 674 811 608 550 834 586 468 197 608 724 193 884
72 11 66
625 540 540 304 337 332 631 337 540 424 272 480 148 161 89 424 578 723 625 540 620 272 161 163 336 625 750 337 861 161 540 148 272 148 382 424 480 153 336 750 89 304 620 272 424 163 362 424 540 625 642 424 540 881 89 424 336 540 272 306 540 858 631 480 424 89 858 306 861 642 631 323
73 43 69
393 393 307 151 152 868 538 586 788 900 151 347 393 586 695 900 622 788 900 622 532 294 307 369 900 612 554 180 586 635 307 370 606 866 151 751 788 790 606 586 307 595 568 180 866 307 568 294 352 370 790 370 370 347 866 180 152 151 695 369 866 703 653 606 695 965 586 117 868 393 866 738 180
74 49 73
536 220 528 983 983 571 454 632 251 528 317 161 983 383 338 93 254 277 890 181 291 890 277 518 998 169 220 900 900 93 830 830 806 169 632 448 536 492 317 189 518 830 254 181 518 383 574 254 806 753 983 93 712 427 378 317 528 383 632 291 454 157 574 712 830 753 528 571 169 220 518 687 338 291
75 19 71
207 127 623 683 695 744 846 550 369 736 816 908 192 731 435 117 477 117 803 618 658 695 841 127 695 192 78 614 908 731 362 618 618 278 117 207 39 816 908 436 803 695 816 731 436 908 477 117 78 436 436 816 846 908 771 882 369 803 736 623 362 436 550 762 631 39 436 477 362 117 207 39 762 369 631
76 39 75
498 498 297 821 806 359 836 708 297 273 297 168 932 61 733 331 273 821 131 131 574 168 359 297 131 330 836 974 503 851 777 851 733 1 851 836 821 131 974 335 851 266 330 18 217 574 708 331 836 836 708 273 851 330 806 297 519 503 168 273 330 840 664 1 602 503 932 168 37 777 777 168 217 503 330 131
77 41 73
591 176 916 566 36 916 19 196 36 200 174 994 473 176 713 473 972 916 994 659 193 314 417 622 591 200 496 870 36 916 473 248 195 659 101 713 850 945 954 314 994 566 204 29 196 248 473 659 203 566 248 413 659 591 193 413 972 188 188 29 19 195 203 36 954 203 36 174 791 203 314 850 36 36 314 29 850
78 36 77
138 212 998 655 477 785 212 877 522 785 586 115 570 728 627 604 552 184 103 655 982 247 283 422 547 247 247 584 570 532 423 547 53 563 655 655 855 627 477 184 103 865 552 522 283 103 423 860 604 570 247 212 552 212 785 655 586 627 247 264 604 247 192 247 877 815 586 877 655 982 584 570 164 424 184 164 586 627
79 25 74
752 291 275 533 264 812 911 939 667 435 511 220 511 351 752 724 667 287 203 416 667 351 136 287 511 870 220 911 724 237 911 409 435 667 812 870 939 256 220 533 661 594 939 911 123 837 703 973 203 257 712 203 667 287 870 450 450 870 973 643 724 287 256 661 450 911 703 594 803 752 803 533 712 275 837 911 375 661 351
100 45 97
656 235 608 920 17 418 381 320 705 616 915 438 500 81 71 580 725 858 579 725 71 980 14 608 109 980 980 173 452 131 920 135 135 329 14 173 81 329 320 320 787 500 430 616 920 362 235 794 63 579 827 668 980 915 173 856 320 856 381 794 519 63 377 418 135 615 173 329 920 858 615 235 705 507 438 463 329 408 320 608 81 827 858 14 109 81 608 135 920 131 408 81 827 159 81 173 787 856 718 500
101 70 89
366 40 954 655 196 954 78 181 73 271 604 890 366 29 244 734 187 78 827 123 29 187 312 655 983 604 983 271 501 827 495 366 47 529 498 895 280 366 890 611 87 734 529 266 366 892 274 274 366 919 15 181 827 87 196 153 528 78 919 289 498 495 528 123 890 114 40 271 890 890 892 60 919 289 529 60 655 895 114 954 827 919 60 895 895 87 87 919 15 87 529 827 954 954 60 127 274 659 274 919 734
102 77 98
557 385 118 438 627 75 919 955 118 360 145 537 933 719 826 955 56 826 751 955 961 275 962 47 227 69 751 227 629 810 961 955 461 343 689 919 343 385 627 187 69 627 919 771 145 689 75 866 61 227 611 275 298 227 447 564 294 145 275 334 627 650 385 751 275 460 301 302 360 537 294 636 650 689 773 333 75 611 314 334 343 719 636 302 919 719 150 232 301 47 962 47 333 773 227 150 334 962 557 150 557 360
200 134 171
771 909 930 616 803 81 585 488 579 736 470 470 228 744 282 35 441 104 104 818 300 384 240 936 38 524 57 660 81 282 749 81 207 640 616 924 676 849 524 100 971 388 930 82 246 849 772 640 897 554 97 389 904 276 930 470 849 849 818 909 579 585 631 658 872 744 849 772 304 97 35 207 402 528 779 455 195 464 38 282 276 665 81 38 82 665 413 207 204 282 640 779 532 249 532 554 872 512 849 924 306 904 238 464 766 22 282 464 181 204 38 181 260 384 579 220 904 181 818 532 766 852 246 354 300 749 579 455 930 762 579 736 282 513 209 744 22 354 238 528 626 441 660 818 282 260 57 220 656 586 402 240 847 803 209 389 97 513 195 513 904 97 897 79 81 240 616 79 818 527 772 567 181 100 772 528 513 616 904 656 849 528 897 762 413 57 788 422 823 852 79 528 470 872 936 788 282 762 162 660
202 17 200
34 983 212 454 656 430 656 911 36 818 754 928 928 600 983 174 472 716 853 229 837 316 229 374 742 700 34 381 344 297 454 343 177 869 933 373 928 115 593 733 81 190 343 720 344 157 505 270 499 186 505 174 928 924 270 34 804 739 720 983 229 924 94 785 373 846 8 139 284 846 282 597 288 51 720 920 911 216 733 190 51 785 212 107 569 270 270 8 983 718 768 443 373 51 623 804 920 81 733 391 718 733 924 933 817 66 623 430 157 354 66 785 373 152 391 597 980 98 264 107 67 698 184 270 768 344 81 804 846 282 718 343 8 206 177 323 716 869 911 107 245 25 569 559 739 297 381 139 177 555 682 157 817 177 697 297 768 365 697 344 874 297 817 288 454 980 593 344 623 216 911 245 623 787 555 216 733 157 67 88 36 264 505 466 555 782 432 139 184 818 374 381 94 139 190 152 432 282 499 928 920 284
203 167 198
302 888 438 107 672 278 452 749 836 680 546 17 618 659 749 247 735 582 986 17 738 546 36 162 318 271 981 546 329 238 474 349 4 278 212 764 713 349 397 274 975 670 634 474 764 4 438 247 738 975 70 791 680 760 287 438 672 198 322 739 198 516 277 546 366 483 54 278 431 318 287 334 4 438 4 15 410 334 702 735 36 107 85 905 105 930 247 344 247 930 477 274 717 54 474 17 155 431 981 334 418 163 982 670 15 70 36 302 70 54 442 982 410 277 670 438 986 814 474 702 981 986 191 915 634 4 174 641 163 397 814 397 546 254 981 915 17 115 17 105 274 905 930 474 83 410 986 814 477 700 36 670 101 274 680 302 418 174 277 738 335 452 247 483 477 782 634 538 438 287 335 115 419 438 836 36 452 418 17 237 85 836 477 155 738 717 162 462 782 191 101 452 670 247 582 247 516 84 814 982 546 174 86
204 76 194
779 597 987 808 597 835 389 179 21 624 105 541 112 812 804 991 389 36 703 59 996 770 21 812 517 970 815 735 185 185 470 584 550 517 735 682 469 526 528 584 889 703 321 815 970 991 185 987 168 727 484 583 125 987 251 526 604 802 21 86 629 6 822 78 443 526 876 856 964 185 86 734 443 583 916 624 258 604 492 6 822 643 321 632 379 469 313 808 321 515 624 987 251 110 734 223 60 629 308 130 313 515 78 59 856 517 852 42 602 929 942 202 526 987 576 779 792 502 946 202 130 308 804 130 712 804 734 712 547 470 86 313 626 408 682 584 629 515 682 658 835 852 991 624 478 443 484 935 774 779 543 929 365 779 130 712 682 78 835 970 308 658 792 515 873 815 202 469 970 876 583 991 779 528 727 542 682 251 59 792 321 859 679 515 733 502 535 712 942 942 643 946 602 515 987 942 6 628 478 517 265 550 365 541
300 286 297
356 929 964 603 866 550 894 356 388 352 18 712 426 97 490 731 639 352 97 814 437 244 387 133 388 662 843 784 630 619 909 99 715 449 490 909 24 661 32 635 765 814 138 504 390 244 866 729 214 272 25 704 630 784 989 539 777 843 784 779 202 661 369 608 704 762 168 220 120 320 501 181 546 477 550 695 368 294 3 243 294 220 712 984 3 490 822 691 368 964 11 243 325 665 550 909 407 829 272 929 181 542 892 946 917 222 559 661 11 635 320 829 705 889 550 731 978 613 779 368 822 814 772 712 168 765 964 737 711 390 639 974 784 181 565 889 194 390 946 387 777 550 275 661 881 133 836 894 132 269 889 625 911 553 830 854 387 388 762 294 777 368 370 407 298 388 911 407 712 168 244 836 784 765 974 892 635 975 194 407 349 625 368 836 978 212 639 428 212 843 428 892 79 388 881 202 711 514 784 370 447 503 477 952 147 695 777 783 99 639 449 801 407 356 995 490 946 222 779 84 695 79 772 222 133 625 712 329 830 56 369 501 504 853 889 202 18 426 320 711 892 559 801 477 79 854 731 964 24 635 841 542 538 546 559 772 928 546 553 97 814 32 449 320 608 272 712 514 3 138 24 889 25 645 731 783 290 765 222 843 181 995 539 911 729 181 639 711 133 613 243 691 504 24 290 504 278 320 120 984
301 80 296
912 542 477 840 837 293 450 54 592 47 584 42 372 387 122 396 823 424 226 795 783 474 546 424 725 119 604 46 404 783 915 351 826 12 637 620 526 246 475 334 915 760 336 679 12 406 705 637 783 725 401 226 524 773 332 442 988 336 49 551 613 284 539 93 481 613 243 584 361 397 383 836 426 915 747 660 334 214 127 725 616 293 334 826 489 210 47 573 911 915 915 472 40 87 725 210 42 794 609 592 922 406 840 930 523 127 865 424 657 747 305 598 87 401 295 246 387 296 397 637 915 988 481 573 284 527 887 663 11 46 524 645 295 424 78 770 336 394 613 145 336 87 574 183 397 295 637 770 539 887 40 442 401 145 592 162 837 760 794 358 475 291 383 383 202 755 442 470 214 584 717 637 474 660 174 660 127 807 584 474 198 840 844 524 198 334 82 755 11 760 783 939 99 988 472 87 450 336 40 295 610 755 387 725 783 93 93 911 481 539 87 470 663 489 657 577 26 424 551 604 593 645 616 610 539 546 214 12 311 387 190 705 214 988 657 406 12 332 47 332 127 563 725 546 574 93 84 598 795 406 49 660 99 773 174 481 83 122 794 284 542 336 296 67 295 836 915 477 840 99 988 542 40 122 772 477 11 383 542 127 573 246 539 679 939 226 296 404 277 852 826 40 574 539 633 40 246 609 474 988 918
302 296 300
344 697 129 920 243 906 298 131 750 243 443 509 500 718 463 887 697 243 538 684 834 869 406 254 91 707 803 680 746 151 34 66 769 559 243 697 233 710 575 343 83 91 906 887 661 963 143 960 960 500 129 888 382 623 344 277 538 817 543 178 815 750 885 822 239 200 384 887 717 83 500 443 218 815 746 168 838 218 701 538 218 721 746 324 446 837 815 903 463 313 697 492 17 163 17 494 151 83 721 254 633 684 479 446 910 90 349 117 892 750 60 129 947 462 573 402 717 769 441 986 559 140 298 796 625 547 129 885 822 168 838 384 538 129 573 218 710 500 680 399 403 822 918 384 633 462 51 543 51 131 718 321 910 142 492 928 872 402 869 697 140 848 83 343 277 169 838 168 117 817 343 309 721 500 60 494 720 885 34 550 130 622 106 117 309 888 156 986 559 34 140 243 846 364 822 178 218 834 535 169 869 200 403 707 9 169 402 867 837 129 535 353 928 313 479 200 942 143 243 623 254 402 130 344 359 697 129 129 60 717 841 443 509 353 838 163 500 796 111 143 492 321 218 309 343 707 869 851 406 543 324 500 163 494 538 121 869 34 906 750 838 384 313 837 406 918 707 903 17 661 83 392 324 462 975 779 745 343 462 837 822 60 494 822 834 680 710 947 975 462 746 333 142 364 661 697 60 106 543 402 918 559
491 79 477
7 396 495 880 71 528 457 389 714 989 835 491 884 528 217 365 242 242 986 728 973 608 373 155 787 291 165 512 71 646 32 410 7 495 815 710 201 968 355 86 841 878 338 573 878 563 662 391 797 503 104 973 512 211 722 396 217 355 692 586 929 608 892 986 144 997 913 106 801 780 641 291 986 138 491 975 219 143 866 251 853 734 656 201 474 644 866 150 585 299 805 619 251 242 493 594 232 989 704 726 555 750 653 780 16 495 62 838 487 130 62 597 766 662 172 104 32 597 361 144 579 975 929 263 165 835 585 563 144 630 787 457 975 751 641 894 342 855 211 374 106 103 129 131 976 425 355 278 624 625 399 755 381 338 735 179 320 909 503 751 579 929 785 980 921 726 894 48 179 399 877 138 503 976 497 29 109 281 888 766 131 251 278 815 942 630 48 653 242 250 292 594 291 396 614 172 861 138 930 335 512 381 787 242 211 815 618 252 976 250 758 338 821 335 785 909 378 167 396 131 102 976 217 766 585 620 931 320 917 263 138 104 614 653 7 841 861 457 580 512 378 528 384 396 250 220 768 913 573 108 913 359 430 291 880 513 144 686 662 894 966 396 935 430 968 750 620 176 457 220 83 802 931 848 805 630 213 726 292 728 165 495 320 728 354 250 183 930 479 535 726 217 620 20 676 374 618 16 860 103 250 594 989 953 155 172 291 942 641 338 710 662 112 404 536 335 624 250 861 997 145 573 908 656 338 515 921 909 797 338 824 474 201 942 16 20 251 734 908 235 291 250 620 242 913 625 260 506 425 989 129 901 997 201 797 980 108 515 737 404 573 219 921 861 206 884 780 138 180 833 860 176 275 848 165 107 877 953 797 143 986 821 224 365 780 573 398 555 646 742 108 614 20 585 491 389 206 931 167 597 742 250 997 43 479 975 535 686 913 495 980 16 384 457 131 204 755 96 894 172 716 281 474 172 361 736 861 62 354 625 384 123 977 931 354 180 848 884 536 722 841 624 103 106 145 155 787 143 165 586 71 503 139 522 479 396 597 866 103 7 389 878 785 828 901 976 909 291 251 848 522 573 714 176 112 86 410 123 620 108 931 127 224 608 966 644 378 824 903 342 180
492 258 480
883 295 69 785 505 883 51 172 332 654 944 126 774 807 623 948 296 739 508 242 905 578 348 169 603 437 739 570 567 834 7 739 745 894 366 520 382 986 944 574 273 164 806 342 785 333 664 199 785 81 175 720 121 177 810 654 732 770 966 529 662 727 599 982 192 780 252 296 879 254 45 654 454 502 770 365 319 720 677 333 520 1000 310 177 252 192 696 162 570 78 633 628 945 619 394 142 121 68 431 628 192 914 252 508 1000 780 184 662 670 175 635 348 324 252 252 412 357 378 357 490 162 578 508 443 252 720 900 7 133 578 397 834 172 982 382 397 692 873 951 739 757 490 859 103 739 378 979 733 899 443 454 727 348 755 252 543 454 184 102 654 268 956 774 732 894 446 107 806 679 720 755 441 126 126 696 126 107 543 679 333 349 774 107 656 513 590 652 779 982 164 192 172 35 116 631 528 579 652 17 952 578 57 443 378 175 628 459 899 45 619 918 142 1000 883 242 192 78 431 654 508 169 543 303 513 140 834 986 656 505 733 731 905 732 347 397 310 468 895 29 78 584 441 158 397 224 140 175 446 25 7 994 633 254 37 242 528 982 103 57 883 459 147 17 69 883 982 543 899 728 331 36 727 911 757 177 441 584 411 888 347 380 994 164 454 397 623 780 74 774 948 829 303 490 800 859 37 321 417 25 664 883 728 172 268 510 543 45 165 956 357 192 745 780 59 543 29 266 454 524 580 900 36 574 873 780 635 266 982 68 437 829 254 52 25 310 559 158 986 623 578 780 925 580 25 535 301 731 785 158 165 349 916 527 242 388 1000 334 454 834 316 431 36 915 520 619 242 268 81 192 429 720 45 172 654 800 720 29 565 25 192 873 192 982 169 348 570 728 266 600 263 782 477 780 192 694 922 443 397 175 45 915 834 366 120 25 584 175 301 894 295 635 115 924 443 51 316 677 133 873 982 549 121 619 966 68 524 894 732 348 126 951 592 665 925 757 578 454 190 57 322 916 68 529 782 679 782 997 915 559 382 301 120 578 654 829 321 454 133 652 268 731 365 199 696 623 35 527 599 899 540 879 524 883 513 81 334 635 7 888 443 757 731 696 140 382 579 199 579 757 549 190 894
493 159 483
394 571 876 101 146 891 254 225 931 807 337 151 876 851 470 934 613 970 102 772 122 180 59 572 142 2 692 728 169 74 588 934 810 872 535 504 711 400 891 21 542 498 911 59 851 491 146 223 451 947 728 702 728 781 698 193 668 2 361 337 788 416 59 848 388 400 340 781 528 823 142 148 426 511 400 239 876 701 539 503 931 571 355 832 193 386 695 538 386 907 891 470 62 672 545 142 358 193 832 101 254 583 785 193 863 473 695 125 832 202 384 568 935 45 271 569 504 675 115 970 814 852 701 642 737 254 115 965 377 514 891 45 542 846 553 913 810 24 773 568 340 386 947 414 963 368 876 913 858 410 543 504 735 155 549 553 511 514 970 408 731 785 394 229 965 498 146 383 355 473 369 965 964 695 449 470 872 303 568 201 122 379 491 478 643 642 571 223 343 337 18 642 93 781 2 122 514 377 132 237 131 278 642 141 695 361 88 2 922 851 931 271 401 371 947 2 567 125 970 736 772 832 225 781 460 377 416 503 788 174 694 261 583 730 479 872 189 426 430 569 874 695 369 520 556 254 270 93 450 261 642 379 823 337 695 963 913 292 260 544 735 891 719 358 539 835 125 773 568 394 963 545 807 122 371 876 394 934 264 711 463 408 290 964 24 556 163 263 408 306 947 781 169 229 463 506 337 878 285 59 270 9 924 239 146 261 858 102 45 659 377 728 93 379 773 62 533 928 730 274 490 450 239 863 810 543 283 156 922 394 528 668 414 659 702 278 692 520 388 101 569 872 863 613 21 329 62 719 935 692 231 670 537 386 239 692 583 735 229 583 671 872 913 254 59 888 451 823 410 542 71 695 788 583 229 671 671 953 911 88 900 3 858 854 102 278 537 742 852 544 543 9 388 770 506 772 271 479 361 556 888 383 695 498 692 125 556 163 934 788 953 379 672 292 278 329 814 742 193 71 416 163 583 767 71 931 647 180 832 537 407 271 788 473 417 254 583 490 692 478 538 271 970 237 125 3 556 125 343 125 567 668 148 470 767 835 544 386 964 876 788 2 924 788 588 514 115 163 239 369 18 913 327 261 201 371 874 848 193 814 416 142 21 793 678 575 767 174 278 913 506 935 785
494 383 492
221 633 476 916 22 878 700 392 530 1000 145 140 503 250 561 353 251 461 75 402 435 482 301 807 988 82 416 782 82 953 372 864 86 121 656 395 649 516 729 565 932 476 356 208 633 347 565 301 433 1000 811 396 435 358 528 441 252 892 267 478 864 79 145 633 416 786 328 365 807 754 392 633 330 790 76 208 892 504 591 378 656 435 325 94 607 718 192 94 35 252 933 353 476 392 75 169 634 225 279 300 868 786 482 127 478 733 758 267 196 101 15 225 672 604 68 722 850 572 392 86 734 68 782 145 281 140 154 825 476 135 515 196 416 194 35 192 358 634 225 580 700 850 691 279 819 350 478 916 618 192 870 413 482 401 262 649 68 474 300 533 696 841 718 601 478 661 613 985 852 528 869 392 790 991 198 528 573 89 991 474 419 604 729 933 378 386 729 22 194 148 192 801 758 419 169 446 916 286 960 279 633 561 252 79 997 79 103 997 727 265 591 896 108 516 604 861 892 793 508 504 281 600 615 395 15 634 782 533 225 811 101 40 689 524 380 727 829 591 656 476 387 301 225 103 402 733 127 262 892 480 870 615 528 959 852 461 86 5 566 533 953 566 838 5 618 49 838 634 734 252 416 47 618 503 636 718 435 896 301 265 636 718 13 829 154 754 52 386 786 459 68 354 572 561 729 15 604 720 834 727 192 566 758 811 218 790 1000 870 583 401 733 89 515 301 300 86 350 40 689 1000 82 524 758 705 580 811 758 395 482 22 339 727 869 301 649 196 1000 696 700 543 359 530 461 218 733 140 729 526 256 440 402 212 790 392 734 353 782 353 892 615 633 852 615 206 892 625 503 991 720 636 735 625 301 735 154 615 419 127 279 572 76 247 601 5 108 267 596 387 386 75 256 850 279 101 552 135 267 401 604 164 758 221 811 251 94 68 649 415 279 613 23 861 301 689 696 22 929 718 402 761 932 588 206 633 125 225 636 541 615 596 435 325 382 649 103 101 34 868 597 415 790 86 686 871 807 735 68 127 180 960 480 834 461 615 871 180 515 208 604 721 402 339 549 549 121 35 530 49 580 467 35 279 253 634 683 330 754 252 218 256 691 819 700 960 511 433 735 852 221 534 339 358 94 735
495 276 493
124 380 956 75 512 158 664 956 66 913 624 512 88 981 608 496 364 620 219 834 349 408 358 767 254 922 950 416 996 186 518 877 924 588 543 408 219 123 226 874 902 961 634 466 532 850 715 97 333 969 885 18 885 67 961 620 37 566 235 462 924 736 180 462 634 460 759 311 862 969 976 416 84 360 60 963 715 349 37 147 972 349 426 78 712 854 939 466 913 862 758 254 622 979 218 704 854 704 235 505 563 804 981 766 565 66 531 721 407 894 117 156 566 598 75 848 311 671 259 671 125 531 618 525 391 501 140 827 963 496 584 330 620 256 548 991 236 610 188 135 950 466 330 542 684 124 407 192 426 979 528 721 525 528 254 963 505 124 939 881 521 125 330 934 403 976 66 656 460 758 451 922 520 250 125 63 192 137 75 996 226 924 135 451 834 548 848 736 950 37 819 830 426 608 516 458 275 950 165 620 426 622 133 18 698 451 100 877 877 885 877 123 618 698 540 811 862 25 78 209 527 983 364 180 37 811 996 819 49 804 804 84 850 516 972 830 244 806 693 745 850 292 74 516 253 924 976 525 37 75 921 528 74 877 458 934 521 501 57 60 407 528 664 972 292 924 275 37 100 275 250 543 711 100 275 819 341 225 924 514 333 563 451 14 367 184 25 14 981 117 458 877 186 608 877 219 902 981 360 533 588 566 66 598 137 921 991 364 360 100 403 961 946 133 49 84 117 180 830 210 736 532 245 620 854 877 25 981 814 226 820 862 533 827 924 253 74 350 642 156 624 165 543 160 341 311 391 46 730 432 512 350 160 622 913 220 620 408 451 200 624 573 565 525 147 848 934 656 565 37 634 451 226 160 238 566 458 234 391 380 922 830 969 358 939 72 49 698 991 543 496 225 403 745 427 259 75 305 364 532 610 890 100 704 515 330 451 124 123 466 462 721 25 804 439 225 656 934 67 476 330 432 133 275 60 14 365 460 156 598 953 819 624 854 814 432 806 603 250 961 158 956 418 548 156 311 408 275 358 736 635 18 364 124 97 745 416 629 66 565 573 862 245 78 933 275 460 995 439 922 569 642 517 819 767 350 219 635 565 403 225 238 957 663 566 518 528 88 380 718 622 192 922 358 184
496 437 495
21 819 678 819 833 846 292 657 310 231 949 865 757 53 221 432 961 53 158 589 317 218 900 171 764 597 657 110 10 67 95 352 577 447 394 137 997 833 231 662 447 16 662 834 181 659 806 610 68 616 766 129 647 30 326 916 666 757 95 441 462 659 221 352 36 725 769 819 30 766 237 192 380 328 380 576 677 67 577 800 677 131 155 192 627 393 131 557 221 598 119 598 874 341 324 720 552 408 408 444 720 87 958 949 274 53 525 223 738 959 140 841 462 774 972 573 389 231 92 929 155 950 186 881 395 179 659 158 79 547 601 930 140 377 385 573 601 601 865 728 697 728 686 704 223 307 518 221 757 640 95 92 796 949 806 186 518 314 63 479 67 55 552 930 39 109 6 949 371 782 686 336 626 776 7 678 598 778 958 437 774 229 509 272 779 277 17 479 408 272 71 938 716 686 846 432 92 326 997 353 292 437 37 110 21 223 509 310 539 453 21 4 961 395 947 119 808 229 647 686 119 292 241 37 881 686 632 598 636 282 711 7 796 626 920 136 1000 223 282 940 192 237 430 766 227 16 874 999 292 636 229 161 352 38 71 885 757 922 7 389 847 567 371 583 324 393 310 798 462 646 229 841 608 589 341 223 713 938 608 846 307 426 979 10 33 161 231 995 900 95 476 568 395 766 703 74 129 426 725 735 552 757 597 277 326 510 959 779 71 647 4 315 557 947 793 819 662 336 958 774 111 874 764 274 518 979 738 377 950 227 509 7 307 878 140 39 890 846 87 627 716 360 30 996 119 326 79 529 788 831 525 336 401 155 393 952 666 353 531 738 608 314 408 140 204 720 109 319 30 929 968 218 657 176 535 39 778 89 725 999 87 176 315 336 456 456 577 328 181 655 181 573 996 119 617 272 67 231 179 677 627 176 766 307 725 779 616 758 738 131 655 89 738 961 796 636 95 307 89 140 890 885 231 686 237 227 437 788 171 968 79 426 831 662 92 547 492 617 959 577 68 407 608 779 307 529 432 307 950 492 437 662 300 407 552 462 111 961 110 547 71 509 568 447 21 552 176 518 552 371 597 697 711 110 79 598 393 79 326 874 552 780 938 176 37 940 703 129 647 757 592 37 305 479 223 608
497 261 495
485 237 25 285 37 672 977 633 197 992 295 172 407 460 352 283 626 754 630 334 256 601 670 31 239 133 552 393 366 532 566 596 606 650 565 141 157 717 833 958 815 567 449 688 347 298 605 295 977 980 86 157 788 108 157 367 552 275 677 980 239 207 672 290 924 826 611 815 973 414 662 762 591 55 259 566 328 28 835 238 284 501 133 805 101 237 980 275 775 694 805 40 102 630 601 133 371 67 857 29 707 766 611 849 301 667 436 704 298 566 717 815 591 916 650 332 614 311 207 238 37 275 667 627 153 862 228 835 468 988 551 109 29 298 605 25 805 256 810 179 436 197 788 237 788 646 672 936 704 725 193 25 193 675 172 295 350 350 579 275 637 18 636 994 286 724 796 498 485 385 622 158 551 417 516 725 496 950 393 829 328 117 521 941 86 611 347 417 732 511 332 707 379 28 511 630 157 283 941 336 916 18 133 153 941 766 414 142 102 391 766 565 703 941 51 958 939 157 859 817 109 936 352 379 359 788 988 174 585 39 833 862 702 601 389 285 332 329 939 950 548 334 129 329 60 619 359 371 994 48 366 393 827 518 565 662 601 745 67 207 207 636 749 724 882 153 350 973 829 436 55 810 874 805 334 551 393 460 410 391 754 414 694 667 37 703 189 40 389 37 74 256 650 328 704 207 39 974 637 754 567 436 142 849 704 391 239 67 794 67 815 974 48 498 829 994 552 704 667 468 827 921 67 994 389 704 606 350 540 299 410 551 410 285 311 320 732 350 889 611 283 37 298 675 549 311 788 410 395 756 468 604 67 862 619 410 129 129 980 541 7 689 725 652 262 887 37 924 882 256 703 516 334 746 26 29 551 667 766 767 941 102 398 754 262 158 298 334 849 283 3 683 549 158 626 259 395 516 320 636 622 402 754 862 630 941 449 532 174 810 732 704 531 805 311 67 352 117 546 398 153 496 320 48 980 336 781 614 667 650 980 446 702 667 827 410 149 468 290 604 532 677 558 667 754 436 788 25 749 446 391 25 703 707 702 496 781 788 295 532 295 501 781 541 366 626 511 672 601 614 903 109 101 749 157 537 101 862 157 703 67 531 86 329 334 766 988 295 238 521 18 7 41 446 290 552 61
498 99 492
410 324 22 317 117 995 752 14 98 590 10 520 549 239 574 780 623 23 685 462 112 159 995 819 854 688 437 348 505 608 157 324 773 36 344 385 235 167 999 291 348 579 560 709 113 185 862 703 290 303 685 159 527 701 842 659 389 348 557 288 608 99 249 471 425 117 58 897 184 541 859 847 62 712 157 117 212 559 672 557 356 671 313 672 185 379 437 806 579 528 510 37 433 423 736 290 157 886 847 572 579 859 670 75 38 58 702 483 819 333 978 498 333 793 499 556 713 559 541 819 285 758 661 209 38 897 672 776 200 505 530 528 385 499 413 114 600 324 379 423 702 120 556 483 17 54 117 21 161 556 367 114 165 167 662 268 752 528 291 163 562 645 913 571 847 806 559 700 303 797 510 645 752 276 348 117 978 852 168 661 712 541 559 163 54 437 747 5 33 117 117 659 58 157 58 298 113 224 671 23 645 842 143 452 99 995 999 184 847 58 369 176 941 713 930 473 628 10 433 579 505 671 670 303 385 869 600 209 859 10 209 722 793 433 300 433 722 828 941 298 155 562 235 995 540 437 162 486 809 74 672 505 847 285 558 146 163 991 211 478 16 200 849 723 723 703 780 176 874 268 608 752 528 146 859 930 64 328 313 883 324 433 847 886 752 382 300 659 486 628 533 847 487 559 324 999 743 473 212 335 498 70 712 94 155 37 716 98 651 344 37 806 437 752 239 303 886 10 859 533 685 22 5 886 14 854 700 505 571 37 473 651 849 541 37 382 505 649 479 701 224 443 290 389 36 467 819 661 300 209 527 765 209 549 866 483 112 710 477 710 443 161 541 894 901 285 276 766 498 487 688 656 33 165 379 37 452 913 773 530 54 834 200 70 483 483 639 437 477 859 313 847 155 36 780 367 209 473 661 239 581 958 159 471 901 356 37 58 88 725 793 14 348 159 14 487 100 54 344 356 685 224 53 300 389 913 688 367 112 645 367 124 124 834 263 847 839 117 14 479 773 793 842 701 958 167 290 809 385 250 571 452 712 423 209 780 473 117 553 562 328 776 747 479 356 211 253 30 849 702 752 898 556 249 736 713 572 958 651 291 549 758 827 859 743 712 486 417 117 828 869 549 849 559 53 991 37 471
499 404 486
41 783 344 596 159 459 932 76 590 694 977 352 127 746 542 159 315 314 650 70 656 933 609 635 130 14 460 929 539 448 573 873 679 89 542 977 776 746 801 704 561 130 962 687 603 619 806 573 404 57 746 69 70 311 818 436 127 548 76 889 64 212 147 231 932 69 703 287 691 376 612 168 818 333 292 619 425 430 491 529 247 74 282 635 85 236 603 314 680 236 580 895 968 863 876 876 107 978 266 159 105 743 924 203 533 215 539 146 687 168 117 430 895 763 933 573 877 338 821 70 40 873 127 556 293 977 400 279 351 561 351 64 933 198 738 635 147 651 956 549 597 202 968 215 533 131 451 868 533 345 557 877 766 57 863 999 635 325 279 41 345 84 999 40 598 284 287 441 284 542 3 491 743 877 485 580 762 85 198 482 557 944 931 342 681 619 425 325 436 117 573 21 400 57 448 934 168 266 764 560 536 689 199 977 818 184 944 746 490 619 236 839 929 385 889 493 473 596 314 548 202 108 9 448 625 553 425 598 539 603 448 195 441 892 805 491 603 57 231 876 973 529 168 197 896 512 344 704 342 466 185 704 593 108 293 776 127 490 573 948 11 580 202 402 743 473 764 247 819 215 977 978 545 212 656 932 873 40 754 895 665 485 436 17 743 315 147 400 782 598 11 650 603 999 203 472 573 472 590 884 85 665 70 44 892 159 973 108 609 197 944 287 736 472 754 887 577 282 168 236 533 968 70 425 491 679 703 493 819 743 868 89 381 338 819 498 853 509 934 762 654 469 884 279 560 247 199 376 90 381 133 84 755 561 338 469 590 337 593 337 202 679 797 738 44 713 381 105 5 943 817 372 127 130 127 198 203 762 404 701 849 279 44 681 895 500 629 999 743 215 434 117 175 797 590 782 806 287 698 924 11 889 999 679 797 342 212 625 47 999 247 247 561 404 84 424 852 681 179 694 466 245 755 348 849 464 441 577 656 473 806 266 305 482 424 650 203 284 892 766 619 107 863 159 105 577 650 266 2 436 215 9 3 57 918 689 887 202 716 404 876 89 889 805 573 266 215 691 656 593 701 918 17 199 107 372 817 934 763 924 425 376 766 202 689 650 553 943 932 430 766 76 703 782 743 884 945 573 76
500 388 485
741 258 749 720 565 714 813 260 44 906 586 613 608 285 546 159 672 464 40 4 464 134 375 459 375 434 190 404 654 271 520 159 749 553 315 121 803 912 990 793 382 944 464 423 379 479 725 567 849 866 609 177 886 15 725 4 423 128 990 995 464 758 707 993 252 450 345 954 723 112 346 567 553 962 499 553 620 950 522 891 260 285 479 905 586 533 559 613 968 240 672 586 724 712 725 235 993 159 345 93 433 226 641 886 499 971 333 859 835 330 516 771 119 464 641 745 258 905 968 243 712 701 253 64 32 593 745 173 238 803 520 177 507 726 952 64 46 978 183 459 790 632 559 741 741 520 926 464 720 92 44 968 406 677 554 434 591 240 968 243 229 641 798 618 859 531 230 139 740 990 596 228 184 735 950 803 868 860 264 285 172 995 831 172 346 228 798 330 906 996 560 32 560 173 791 128 172 770 520 434 637 263 654 750 682 264 496 403 177 333 615 375 672 501 277 701 235 229 659 404 32 226 23 544 440 554 271 488 459 537 138 804 333 179 347 770 405 406 849 950 546 637 292 396 118 677 740 654 553 900 226 546 93 32 233 567 153 632 725 672 238 229 297 528 593 859 798 330 751 183 790 621 926 591 952 263 124 533 522 179 591 345 315 952 990 464 121 229 554 575 701 235 128 507 347 118 315 346 723 607 333 240 138 532 654 451 264 528 156 823 346 740 978 900 522 159 803 177 517 799 499 654 546 177 228 553 134 745 433 4 253 724 544 671 403 637 554 181 593 423 298 835 835 751 183 971 544 434 711 403 529 156 586 803 586 42 886 866 292 608 488 240 860 415 314 528 701 993 406 464 173 735 153 950 59 770 118 434 423 799 793 119 529 618 233 591 295 203 40 707 295 968 51 292 124 804 671 756 745 179 559 565 15 597 51 751 382 138 404 996 173 40 4 159 554 253 877 333 398 557 962 682 745 118 537 440 32 253 183 712 51 771 654 613 415 835 560 840 119 701 749 44 613 740 240 586 190 804 472 242 996 173 604 596 32 530 230 156 771 226 126 531 962 860 260 423 347 725 615 292 823 615 613 181 770 345 156 44 226 129 996 793 136 745 770 314 330 156 434 228 813 591 993 575 971 472 121 823 242 404
