30
4
5 3 4 3
4
1 2 3 4
4
5 2 5 1
4
16 768 16 768
4
555 555 555 508
4
213 213 213 213
10
273 74 273 36 361 36 74 36 36 273
11
304 282 282 282 282 282 770 108 269 770 304
12
558 225 225 996 225 920 892 558 996 436 225 892
13
455 455 901 598 455 847 85 847 847 794 794 794 85
20
200 200 899 394 327 327 525 394 330 200 899 899 525 398 327 875 330 899 687 394
21
973 36 442 442 568 540 675 102 442 483 568 442 483 442 36 500 36 675 483 540 9
22
301 209 964 301 324 905 751 682 209 905 751 324 964 964 201 751 964 751 324 301 751 209
23
714 440 396 440 134 944 12 12 187 646 384 513 187 384 12 119 134 646 12 384 187 714 396
24
599 599 281 36 347 269 609 581 609 609 821 609 983 449 281 599 983 347 36 983 347 609 924 609
50
598 487 222 545 869 294 884 574 598 219 598 598 869 792 295 224 120 993 563 470 224 146 792 792 363 792 470 15 563 742 470 884 792 884 869 363 290 15 779 545 219 792 645 598 598 224 15 545 487 792
51
187 191 975 15 267 251 193 400 400 977 15 764 866 400 191 690 774 267 764 522 251 187 690 400 160 472 624 191 100 267 193 690 522 187 160 887 975 866 251 774 790 193 334 100 624 472 774 267 400 690 513
52
468 133 619 402 870 247 1000 1000 801 212 842 1000 468 121 162 428 384 413 413 283 121 732 599 569 428 732 842 684 121 384 283 283 413 212 162 619 684 870 569 684 468 1000 732 732 732 842 468 212 599 133 1000 428
53
717 112 717 3 884 307 493 792 209 79 448 448 792 79 981 448 171 186 981 112 79 915 915 79 124 171 923 981 124 79 229 981 186 493 186 493 315 448 792 171 162 682 315 981 229 124 209 3 3 915 717 448 186
54
491 225 987 987 927 606 578 667 927 667 578 882 225 487 487 223 578 223 46 838 927 2 62 225 358 487 207 2 194 223 578 834 571 830 667 698 62 578 223 62 390 46 606 987 571 2 882 63 690 690 32 390 207 834
70
927 445 543 211 827 445 431 416 892 65 827 705 164 980 957 319 456 274 491 870 396 491 443 394 329 396 967 416 443 164 700 870 329 957 396 507 431 975 164 65 491 957 700 431 870 858 507 827 164 882 431 827 431 211 329 858 410 431 48 274 882 431 507 443 164 329 164 211 491 443
71
150 813 823 710 686 203 686 813 508 801 81 15 472 55 823 447 447 1000 994 161 801 686 508 823 655 768 1000 508 938 508 994 345 931 782 931 768 953 1000 345 954 81 686 710 994 345 931 55 136 447 969 782 823 447 510 211 161 15 136 792 508 55 710 710 203 792 823 710 954 823 563 759
72
126 766 781 659 228 766 517 13 659 927 480 204 927 333 358 791 13 659 480 781 387 3 265 131 781 791 614 927 791 766 980 980 333 943 26 927 927 914 766 26 927 126 674 989 659 126 766 517 204 674 378 980 358 228 551 3 228 126 980 131 228 26 8 228 387 204 250 517 781 658 430 333
73
772 632 833 785 801 812 595 513 340 440 513 909 317 13 101 869 261 101 589 801 812 101 113 957 952 973 772 529 869 440 513 952 785 471 592 195 439 804 67 101 653 195 664 801 529 4 440 471 595 869 595 471 261 782 261 952 632 195 957 513 632 101 4 381 101 542 471 772 67 869 513 589 340
74
592 478 407 933 632 648 407 55 360 812 49 52 158 360 378 648 251 52 378 632 191 812 592 648 592 251 812 407 360 805 478 785 933 258 105 102 349 592 117 572 874 212 160 478 55 158 55 785 349 49 805 402 987 327 258 933 478 212 526 360 407 933 327 874 572 402 160 52 805 117 510 212 812 805
75
529 585 241 529 887 184 924 887 361 184 580 591 529 642 884 206 748 990 206 924 872 353 499 251 990 67 787 686 793 527 251 241 538 580 529 208 585 251 527 585 831 863 760 527 254 686 585 793 924 404 208 585 486 424 241 863 298 208 863 353 529 793 527 787 213 863 353 251 251 831 206 67 404 580 206
76
95 486 353 368 348 340 757 937 770 444 352 757 645 353 353 361 131 770 895 131 526 853 131 353 340 175 293 385 853 835 353 353 368 409 937 770 361 220 944 385 944 293 675 444 712 361 788 944 361 712 757 444 444 293 340 782 545 409 335 220 757 645 895 293 937 597 368 361 782 405 782 335 775 369 782 226
77
414 419 970 880 7 414 958 908 414 803 937 650 332 803 647 707 827 574 110 958 510 414 500 404 332 574 146 443 7 908 803 574 958 647 510 783 181 575 783 203 263 146 783 866 203 181 414 937 707 803 574 372 110 273 575 372 937 662 181 662 647 4 372 932 880 958 647 908 203 932 932 908 332 970 419 803 908
78
54 898 621 196 383 11 548 92 420 157 28 716 386 509 211 898 548 894 980 394 383 468 383 618 166 548 736 166 408 68 849 621 618 894 166 716 420 898 455 509 54 211 618 533 408 163 420 92 618 452 548 533 74 92 452 633 57 736 92 521 394 621 383 521 137 894 618 455 317 618 633 455 394 157 57 68 74 11
500
996 251 976 973 35 993 183 117 537 281 45 336 680 112 159 452 476 476 556 46 891 882 390 795 591 956 258 495 597 12 820 456 37 105 122 35 901 574 309 680 151 251 722 195 502 882 456 672 548 390 873 21 647 258 379 672 26 548 126 491 300 445 996 760 179 452 502 18 452 277 678 307 277 633 808 891 460 915 712 195 915 179 703 672 445 492 117 528 632 13 750 479 539 273 808 892 129 935 808 341 678 476 445 479 50 504 889 901 909 50 892 432 7 229 934 678 996 892 623 14 208 122 427 235 608 612 502 251 108 328 901 235 380 808 935 516 328 639 140 392 93 336 938 561 184 792 702 310 504 878 293 45 935 915 633 849 80 967 996 474 820 456 490 510 25 863 927 915 556 967 129 318 328 229 300 229 449 235 892 466 36 504 635 555 102 39 588 416 915 556 863 442 309 664 12 507 537 502 208 483 345 655 619 273 390 519 112 229 235 849 158 318 849 827 336 476 591 777 639 797 369 652 126 94 989 495 50 777 652 605 612 162 432 369 209 892 330 662 408 605 495 524 239 556 808 524 221 556 179 179 797 591 117 967 133 140 849 600 819 934 712 584 32 632 516 122 851 460 510 433 597 456 309 851 548 510 171 310 105 281 760 45 655 678 889 708 378 309 235 541 277 509 70 46 281 456 892 427 524 678 119 504 680 378 12 50 50 541 795 45 576 760 151 728 523 483 452 50 838 416 528 620 993 209 901 584 37 711 39 251 8 504 195 179 620 460 492 678 80 412 907 173 722 619 597 229 452 882 502 742 235 483 662 492 799 588 678 550 541 121 909 25 664 632 39 731 8 588 582 221 433 133 760 307 819 235 797 926 452 345 882 889 968 927 915 891 968 158 184 93 345 476 442 827 515 209 967 466 851 94 519 827 631 620 597 32 973 294 390 491 8 416 819 7 239 619 369 35 882 929 929 808 996 742 792 556 777 591 502 622 891 600 8 750 591 93 117 411 523 819 452 792 341 758 80 456 273 442 576 593 229 221 341 664 784 891 528 369 537 491 310 502 731 474 915 292 466 140 117 548 619 25 996 433 633 827 212 273 593 213 380 795 122 608 35 251 926 639 7 369 32 541 495 258 369 105 46 495 792 411
